# energy_eV muE
8.779000000000000000e+03 -1.307048599999999894e+00
8.789000000000000000e+03 -1.300610400000000055e+00
8.799000000000000000e+03 -1.303381600000000029e+00
8.809000000000000000e+03 -1.305972399999999922e+00
8.819000000000000000e+03 -1.310708500000000054e+00
8.829000000000000000e+03 -1.313815200000000072e+00
8.839000000000000000e+03 -1.307205500000000020e+00
8.849000000000000000e+03 -1.319588200000000100e+00
8.859000000000000000e+03 -1.323389499999999996e+00
8.869000000000000000e+03 -1.325352099999999922e+00
8.879000000000000000e+03 -1.327693000000000012e+00
8.889000000000000000e+03 -1.331294399999999989e+00
8.899000000000000000e+03 -1.333628899999999895e+00
8.909000000000000000e+03 -1.330511400000000011e+00
8.919000000000000000e+03 -1.338538100000000064e+00
8.929000000000000000e+03 -1.340322199999999908e+00
8.939000000000000000e+03 -1.341937399999999947e+00
8.949000000000000000e+03 -1.335351799999999978e+00
8.959000000000000000e+03 -1.339416200000000057e+00
8.959500000000000000e+03 -1.339089999999999892e+00
8.960000000000000000e+03 -1.338673900000000083e+00
8.960500000000000000e+03 -1.338226200000000032e+00
8.961000000000000000e+03 -1.337378100000000014e+00
8.961500000000000000e+03 -1.336675300000000011e+00
8.962000000000000000e+03 -1.336781900000000078e+00
8.962500000000000000e+03 -1.336391399999999896e+00
8.963000000000000000e+03 -1.335779199999999944e+00
8.963500000000000000e+03 -1.335421600000000097e+00
8.964000000000000000e+03 -1.334831499999999949e+00
8.964500000000000000e+03 -1.334316000000000058e+00
8.965000000000000000e+03 -1.333724600000000038e+00
8.965500000000000000e+03 -1.332780300000000029e+00
8.966000000000000000e+03 -1.332317799999999997e+00
8.966500000000000000e+03 -1.330411900000000092e+00
8.967000000000000000e+03 -1.330346699999999993e+00
8.967500000000000000e+03 -1.329798400000000047e+00
8.968000000000000000e+03 -1.327926399999999951e+00
8.968500000000000000e+03 -1.327378600000000075e+00
8.969000000000000000e+03 -1.326035800000000098e+00
8.969500000000000000e+03 -1.324398799999999987e+00
8.970000000000000000e+03 -1.322908299999999926e+00
8.970500000000000000e+03 -1.321703899999999932e+00
8.971000000000000000e+03 -1.319659600000000044e+00
8.971500000000000000e+03 -1.317531900000000089e+00
8.972000000000000000e+03 -1.315353500000000064e+00
8.972500000000000000e+03 -1.312581900000000079e+00
8.973000000000000000e+03 -1.309753399999999957e+00
8.973500000000000000e+03 -1.306245399999999890e+00
8.974000000000000000e+03 -1.301953099999999974e+00
8.974500000000000000e+03 -1.298223899999999986e+00
8.975000000000000000e+03 -1.292397100000000076e+00
8.975500000000000000e+03 -1.286073400000000033e+00
8.976000000000000000e+03 -1.277839399999999959e+00
8.976500000000000000e+03 -1.268353999999999981e+00
8.977000000000000000e+03 -1.256029800000000085e+00
8.977500000000000000e+03 -1.238842999999999916e+00
8.978000000000000000e+03 -1.216796800000000012e+00
8.978500000000000000e+03 -1.181481199999999898e+00
8.979000000000000000e+03 -1.129177799999999898e+00
8.979500000000000000e+03 -1.037756099999999959e+00
8.980000000000000000e+03 -8.641012900000000219e-01
8.980500000000000000e+03 -6.174800599999999973e-01
8.981000000000000000e+03 -3.400309300000000090e-01
8.981500000000000000e+03 -1.637303300000000073e-01
8.982000000000000000e+03 -6.868020499999999418e-02
8.982500000000000000e+03 -3.145954100000000059e-02
8.983000000000000000e+03 -3.777444299999999783e-02
8.983500000000000000e+03 -7.179585700000000459e-02
8.984000000000000000e+03 -1.048666399999999971e-01
8.984500000000000000e+03 -1.218657499999999949e-01
8.985000000000000000e+03 -1.061912099999999942e-01
8.985500000000000000e+03 -6.297902199999999562e-02
8.986000000000000000e+03 2.494585699999999923e-03
8.986500000000000000e+03 5.562750500000000070e-02
8.987000000000000000e+03 1.058630400000000055e-01
8.987500000000000000e+03 1.543837499999999863e-01
8.988000000000000000e+03 2.091416799999999965e-01
8.988500000000000000e+03 2.676393300000000086e-01
8.989000000000000000e+03 3.439292800000000039e-01
8.989500000000000000e+03 4.307321800000000200e-01
8.990000000000000000e+03 5.341009500000000187e-01
8.990500000000000000e+03 6.434363199999999505e-01
8.991000000000000000e+03 7.604831699999999861e-01
8.991500000000000000e+03 8.932010599999999911e-01
8.992000000000000000e+03 1.011672399999999916e+00
8.992500000000000000e+03 1.127255600000000024e+00
8.993000000000000000e+03 1.240803799999999901e+00
8.993500000000000000e+03 1.337092299999999900e+00
8.994000000000000000e+03 1.408550900000000050e+00
8.994500000000000000e+03 1.456924000000000108e+00
8.995000000000000000e+03 1.470485100000000100e+00
8.995500000000000000e+03 1.458796900000000063e+00
8.996000000000000000e+03 1.426425499999999902e+00
8.996500000000000000e+03 1.383030900000000063e+00
8.997000000000000000e+03 1.330225999999999908e+00
8.997500000000000000e+03 1.285429300000000108e+00
8.998000000000000000e+03 1.242741000000000096e+00
8.998500000000000000e+03 1.204840200000000028e+00
8.999000000000000000e+03 1.179613100000000081e+00
8.999500000000000000e+03 1.165193099999999982e+00
9.000000000000000000e+03 1.164014899999999963e+00
9.000500000000000000e+03 1.178563199999999922e+00
9.001000000000000000e+03 1.210451399999999955e+00
9.001500000000000000e+03 1.258162999999999920e+00
9.002000000000000000e+03 1.314948400000000017e+00
9.002500000000000000e+03 1.373826100000000050e+00
9.003000000000000000e+03 1.436964700000000095e+00
9.003500000000000000e+03 1.484357399999999938e+00
9.004000000000000000e+03 1.509208200000000000e+00
9.004984000000000378e+03 1.486757000000000106e+00
9.005987999999999374e+03 1.407760200000000017e+00
9.007012000000000626e+03 1.312620099999999956e+00
9.008052999999999884e+03 1.241685499999999998e+00
9.009113999999999578e+03 1.186332100000000001e+00
9.010192999999999302e+03 1.129578200000000088e+00
9.011292999999999665e+03 1.079385000000000039e+00
9.012409999999999854e+03 1.056123399999999934e+00
9.013548000000000684e+03 1.059420100000000087e+00
9.014702999999999520e+03 1.074576100000000034e+00
9.015878000000000611e+03 1.098367899999999953e+00
9.017072000000000116e+03 1.134434500000000012e+00
9.018284999999999854e+03 1.183960300000000077e+00
9.019518000000000029e+03 1.243327000000000071e+00
9.020769000000000233e+03 1.302784399999999954e+00
9.022038000000000466e+03 1.357780900000000068e+00
9.023326999999999316e+03 1.408268099999999912e+00
9.024636000000000422e+03 1.458605699999999894e+00
9.025962999999999738e+03 1.493983599999999967e+00
9.027308999999999287e+03 1.497814800000000002e+00
9.028674000000000888e+03 1.463218600000000036e+00
9.030058999999999287e+03 1.404152700000000031e+00
9.031460999999999331e+03 1.338019999999999987e+00
9.032884000000000015e+03 1.269317999999999946e+00
9.034325000000000728e+03 1.217582299999999895e+00
9.035784999999999854e+03 1.185284100000000063e+00
9.037264999999999418e+03 1.169041599999999903e+00
9.038763000000000829e+03 1.167942000000000036e+00
9.040280000000000655e+03 1.181547899999999984e+00
9.041816000000000713e+03 1.202206300000000061e+00
9.043371999999999389e+03 1.215645899999999946e+00
9.044945999999999913e+03 1.214720599999999928e+00
9.046540000000000873e+03 1.205264099999999949e+00
9.048152000000000044e+03 1.208178999999999892e+00
9.049782999999999447e+03 1.227314699999999981e+00
9.051433999999999287e+03 1.250655099999999909e+00
9.053103999999999360e+03 1.262068900000000049e+00
9.054791999999999462e+03 1.261754000000000042e+00
9.056500000000000000e+03 1.265431900000000054e+00
9.058227000000000771e+03 1.283779999999999921e+00
9.059971999999999753e+03 1.314196700000000106e+00
9.061736000000000786e+03 1.342194099999999946e+00
9.063521000000000640e+03 1.362520399999999965e+00
9.065322000000000116e+03 1.379210800000000070e+00
9.067145000000000437e+03 1.399953299999999956e+00
9.068985000000000582e+03 1.426616600000000012e+00
9.070844999999999345e+03 1.457374100000000006e+00
9.072724000000000160e+03 1.477812300000000079e+00
9.074620999999999185e+03 1.475722999999999896e+00
9.076538000000000466e+03 1.449838299999999913e+00
9.078474000000000160e+03 1.403014100000000042e+00
9.080429000000000087e+03 1.350038099999999908e+00
9.082402000000000044e+03 1.302971600000000008e+00
9.084396000000000640e+03 1.262039799999999934e+00
9.086406999999999243e+03 1.225182999999999911e+00
9.088438000000000102e+03 1.201343700000000014e+00
9.090487999999999374e+03 1.189609700000000103e+00
9.092557000000000698e+03 1.163596000000000075e+00
9.094646000000000640e+03 1.122825799999999985e+00
9.096752000000000407e+03 1.082640199999999941e+00
9.098878000000000611e+03 1.056119400000000041e+00
9.101022999999999229e+03 1.054212099999999985e+00
9.103188000000000102e+03 1.074726400000000082e+00
9.105370000000000800e+03 1.111325200000000013e+00
9.107572000000000116e+03 1.153262999999999927e+00
9.109793999999999869e+03 1.190674400000000022e+00
9.112033999999999651e+03 1.220320300000000024e+00
9.114292999999999665e+03 1.235683400000000098e+00
9.116570999999999913e+03 1.237808599999999926e+00
9.118868000000000393e+03 1.234701300000000002e+00
9.121184999999999491e+03 1.238991799999999976e+00
9.123520000000000437e+03 1.264468099999999984e+00
9.125873999999999796e+03 1.317158999999999969e+00
9.128246999999999389e+03 1.390280900000000042e+00
9.130639999999999418e+03 1.442225199999999985e+00
9.133050999999999476e+03 1.462749800000000100e+00
9.135480999999999767e+03 1.454621600000000070e+00
9.137931000000000495e+03 1.434824199999999994e+00
9.140398999999999432e+03 1.405708200000000074e+00
9.142887000000000626e+03 1.366054700000000066e+00
9.145393000000000029e+03 1.309466400000000030e+00
9.147918999999999869e+03 1.246654099999999987e+00
9.150462999999999738e+03 1.174688600000000083e+00
9.153025999999999840e+03 1.102107399999999959e+00
9.155609000000000378e+03 1.032284500000000049e+00
9.158210999999999331e+03 9.812916699999999492e-01
9.160831000000000131e+03 9.593930499999999695e-01
9.163470999999999549e+03 9.774767100000000264e-01
9.166129000000000815e+03 1.024117600000000072e+00
9.168807000000000698e+03 1.084984699999999913e+00
9.171504000000000815e+03 1.140184800000000109e+00
9.174219999999999345e+03 1.175036100000000028e+00
9.176953999999999724e+03 1.193086599999999997e+00
9.179708000000000538e+03 1.193872000000000044e+00
9.182479999999999563e+03 1.184420699999999993e+00
9.185272000000000844e+03 1.173593799999999909e+00
9.188083000000000538e+03 1.170428199999999919e+00
9.190913000000000466e+03 1.165743999999999891e+00
9.193762000000000626e+03 1.155948200000000092e+00
9.196629999999999200e+03 1.142895400000000006e+00
9.199516999999999825e+03 1.141318300000000008e+00
9.202422000000000480e+03 1.162283299999999908e+00
9.205347999999999956e+03 1.202634200000000098e+00
9.208290999999999258e+03 1.240469700000000008e+00
9.211254000000000815e+03 1.254964500000000038e+00
9.214236000000000786e+03 1.251179299999999994e+00
9.217236999999999171e+03 1.240240299999999962e+00
9.220256999999999607e+03 1.222171499999999966e+00
9.223296000000000276e+03 1.190774500000000069e+00
9.226353999999999360e+03 1.145513199999999898e+00
9.229432000000000698e+03 1.101768999999999998e+00
9.232527000000000044e+03 1.060079599999999900e+00
9.235643000000000029e+03 1.025981000000000032e+00
9.238775999999999840e+03 1.004950699999999975e+00
9.241930000000000291e+03 9.996639400000000286e-01
9.245102999999999156e+03 1.004893100000000095e+00
9.248292999999999665e+03 1.010575000000000001e+00
9.251504000000000815e+03 1.012401899999999966e+00
9.254731999999999971e+03 1.013940000000000063e+00
9.257980999999999767e+03 1.016163300000000103e+00
9.261247999999999593e+03 1.021155899999999894e+00
9.264534999999999854e+03 1.028554600000000097e+00
9.267840000000000146e+03 1.038442099999999924e+00
9.271164000000000669e+03 1.047378200000000037e+00
9.274507999999999811e+03 1.055027799999999960e+00
9.277870000000000800e+03 1.062269799999999931e+00
9.281252000000000407e+03 1.064853899999999909e+00
9.284652000000000044e+03 1.067642399999999991e+00
9.288070999999999913e+03 1.069998400000000016e+00
9.291510000000000218e+03 1.072877899999999940e+00
9.294968000000000757e+03 1.072880899999999915e+00
9.298443999999999505e+03 1.074121399999999893e+00
9.301939000000000306e+03 1.067022799999999938e+00
9.305453999999999724e+03 1.052322999999999897e+00
9.308987999999999374e+03 1.035293000000000019e+00
9.312540999999999258e+03 1.012965499999999963e+00
9.316111999999999171e+03 9.963259199999999760e-01
9.319702999999999520e+03 9.805555400000000033e-01
9.323313000000000102e+03 9.701855499999999521e-01
9.326941000000000713e+03 9.657914100000000168e-01
9.330588999999999942e+03 9.629457200000000050e-01
9.334255999999999403e+03 9.553310099999999805e-01
9.337941000000000713e+03 9.416841799999999818e-01
9.341646000000000640e+03 9.247803599999999680e-01
9.345370000000000800e+03 9.135900700000000318e-01
9.349112999999999374e+03 9.128443800000000108e-01
9.352875000000000000e+03 9.141881400000000379e-01
9.356655000000000655e+03 9.150845199999999569e-01
9.360456000000000131e+03 9.152549100000000326e-01
9.364273999999999432e+03 9.167840299999999720e-01
9.368111999999999171e+03 9.197112800000000199e-01
9.371969999999999345e+03 9.203960700000000106e-01
9.375845999999999549e+03 9.225506300000000381e-01
9.379739999999999782e+03 9.220425899999999952e-01
9.383654000000000451e+03 9.245479399999999570e-01
9.387587999999999738e+03 9.233499400000000357e-01
9.391540000000000873e+03 9.226423099999999655e-01
9.395511000000000422e+03 9.217739499999999531e-01
9.399501000000000204e+03 9.185051800000000322e-01
9.403510000000000218e+03 9.134563799999999567e-01
9.407538000000000466e+03 9.033094600000000085e-01
9.411584999999999127e+03 8.930571099999999873e-01
9.415650999999999840e+03 8.797393500000000310e-01
9.419736000000000786e+03 8.682699999999999863e-01
9.423841000000000349e+03 8.589292699999999670e-01
9.427963999999999942e+03 8.543934600000000490e-01
9.432105999999999767e+03 8.505286699999999867e-01
9.436268000000000029e+03 8.465928400000000131e-01
9.440448000000000320e+03 8.421184400000000236e-01
9.444647000000000844e+03 8.370950999999999809e-01
9.448865999999999985e+03 8.295008999999999855e-01
9.453103999999999360e+03 8.200180500000000539e-01
9.457359000000000378e+03 8.126412699999999711e-01
9.461635000000000218e+03 8.073249999999999593e-01
9.465930000000000291e+03 8.028689700000000151e-01
9.470243000000000393e+03 7.976579299999999595e-01
9.474575000000000728e+03 7.925364799999999876e-01
9.478926999999999680e+03 7.903601300000000496e-01
9.483298000000000684e+03 7.881936699999999574e-01
9.487688000000000102e+03 7.876046100000000383e-01
9.492095999999999549e+03 7.870326899999999792e-01
9.496522999999999229e+03 7.867164100000000326e-01
9.500969999999999345e+03 7.861017399999999933e-01
9.505435999999999694e+03 7.860962099999999619e-01
9.509920000000000073e+03 7.843919099999999700e-01
9.514424000000000888e+03 7.801044299999999598e-01
9.518945999999999913e+03 7.746232299999999960e-01
9.523487999999999374e+03 7.659909499999999483e-01
9.528049000000000888e+03 7.566506100000000012e-01
9.532629000000000815e+03 7.477960299999999449e-01
9.537227999999999156e+03 7.412434300000000365e-01
9.541845999999999549e+03 7.347721000000000391e-01
9.546481999999999971e+03 7.294623199999999974e-01
9.551138999999999214e+03 7.239229600000000042e-01
9.555813000000000102e+03 7.199730100000000244e-01
9.560506999999999607e+03 7.154460200000000158e-01
9.565219999999999345e+03 7.098988600000000204e-01
9.569951999999999316e+03 7.046204600000000040e-01
9.574702999999999520e+03 6.998820999999999515e-01
9.579472999999999956e+03 6.949580100000000149e-01
9.584262000000000626e+03 6.884995099999999812e-01
9.589069999999999709e+03 6.831051799999999785e-01
9.593896000000000640e+03 6.784598800000000152e-01
9.598743000000000393e+03 6.743452699999999966e-01
9.603608000000000175e+03 6.705424899999999910e-01
9.608492000000000189e+03 6.672321799999999525e-01
9.613396000000000640e+03 6.636559400000000553e-01
9.618316999999999098e+03 6.601809600000000389e-01
9.623259000000000015e+03 6.571936900000000525e-01
9.628218999999999141e+03 6.533560200000000373e-01
9.633198000000000320e+03 6.501430499999999446e-01
9.638195999999999913e+03 6.460387100000000160e-01
9.643213999999999942e+03 6.412361199999999650e-01
9.648250000000000000e+03 6.363598000000000310e-01
9.653306000000000495e+03 6.317285000000000261e-01
9.658379999999999200e+03 6.258280299999999796e-01
9.663472999999999956e+03 6.205772699999999586e-01
9.668584999999999127e+03 6.149052299999999693e-01
9.673717000000000553e+03 6.087905799999999701e-01
9.678867000000000189e+03 6.040216600000000158e-01
9.684037000000000262e+03 5.985652999999999668e-01
9.689225000000000364e+03 5.933593900000000421e-01
9.694433000000000902e+03 5.873985800000000035e-01
9.699658999999999651e+03 5.823537699999999928e-01
9.704904000000000451e+03 5.773634699999999897e-01
9.710168999999999869e+03 5.729524599999999968e-01
9.715452999999999520e+03 5.682817599999999691e-01
9.720755999999999403e+03 5.631123199999999995e-01
9.726076999999999316e+03 5.576863899999999763e-01
9.731417999999999665e+03 5.531844700000000392e-01
9.736777000000000044e+03 5.490202699999999769e-01
9.742156000000000859e+03 5.436664100000000444e-01
9.747554000000000087e+03 5.408248900000000026e-01
9.752970999999999549e+03 5.372051599999999594e-01
9.758406000000000859e+03 5.334287100000000281e-01
9.763861000000000786e+03 5.287505099999999514e-01
9.769334999999999127e+03 5.251027099999999725e-01
9.774826999999999316e+03 5.216627600000000031e-01
9.780338999999999942e+03 5.167648000000000241e-01
9.785870000000000800e+03 5.122506300000000401e-01
9.791420000000000073e+03 5.076843100000000275e-01
9.796987999999999374e+03 5.043101500000000126e-01
9.802576999999999316e+03 4.997574900000000264e-01
9.808183999999999287e+03 4.951523899999999978e-01
9.813809999999999491e+03 4.904856400000000005e-01
9.819453999999999724e+03 4.859135800000000116e-01
9.825118000000000393e+03 4.812474800000000053e-01
9.830801999999999680e+03 4.765426799999999963e-01
9.836504000000000815e+03 4.722398199999999768e-01
9.842225000000000364e+03 4.669842900000000241e-01
9.847965000000000146e+03 4.623075500000000115e-01
9.853724000000000160e+03 4.577518700000000051e-01
9.859502000000000407e+03 4.529737799999999925e-01
9.865299000000000888e+03 4.485264400000000262e-01
9.871114999999999782e+03 4.441555999999999838e-01
9.876950000000000728e+03 4.395920500000000120e-01
9.882805000000000291e+03 4.350177900000000153e-01
9.888677999999999884e+03 4.304469400000000001e-01
9.894569999999999709e+03 4.258247099999999952e-01
9.900480999999999767e+03 4.213680300000000045e-01
9.906412000000000262e+03 4.171541599999999961e-01
9.912361000000000786e+03 4.128854299999999977e-01
9.918328999999999724e+03 4.086826299999999912e-01
9.924316000000000713e+03 4.044238399999999789e-01
9.930323000000000320e+03 3.998154600000000114e-01
9.936349000000000160e+03 3.951873699999999823e-01
9.942393000000000029e+03 3.907022399999999784e-01
9.948456000000000131e+03 3.862628300000000015e-01
9.954539000000000669e+03 3.816228300000000240e-01
9.960640999999999622e+03 3.771090599999999959e-01
9.966761000000000422e+03 3.727237299999999753e-01
9.972899999999999636e+03 3.680021099999999934e-01
9.979058999999999287e+03 3.639083599999999863e-01
9.985236000000000786e+03 3.594124100000000155e-01
9.991433999999999287e+03 3.550805400000000001e-01
9.997647999999999229e+03 3.505595499999999975e-01
1.000387999999999920e+04 3.461775799999999848e-01
1.001013999999999942e+04 3.415120200000000272e-01
1.001640999999999985e+04 3.371555299999999811e-01
1.002270000000000073e+04 3.323764799999999742e-01
1.002901000000000022e+04 3.277176900000000059e-01
1.003534000000000015e+04 3.231985499999999734e-01
1.004169000000000051e+04 3.188494000000000050e-01
1.004805999999999949e+04 3.147589499999999818e-01
1.005445000000000073e+04 3.104519399999999818e-01
1.006085000000000036e+04 3.063026200000000254e-01
1.006728000000000065e+04 3.016832899999999928e-01
1.007371999999999935e+04 2.973802500000000126e-01
1.008018000000000029e+04 2.928054399999999724e-01
1.008665999999999985e+04 2.882209399999999810e-01
1.009317000000000007e+04 2.837122799999999834e-01
1.009969000000000051e+04 2.792798300000000067e-01
1.010621999999999935e+04 2.749443200000000198e-01
1.011278000000000065e+04 2.707027900000000264e-01
1.011936000000000058e+04 2.663289600000000035e-01
1.012595999999999913e+04 2.617496599999999951e-01
1.013256999999999971e+04 2.570474700000000001e-01
1.013920999999999913e+04 2.523528999999999911e-01
1.014586000000000058e+04 2.489091099999999890e-01
