# R_A chiR_magnitude
0.000000000000000000e+00 1.232346176664705266e-03
3.067961575771282340e-02 1.514802733393891395e-03
6.135923151542564680e-02 2.116583819959607597e-03
9.203884727313846326e-02 2.752957754399958622e-03
1.227184630308512936e-01 3.263902783763176271e-03
1.533980787885641239e-01 3.529554110974365833e-03
1.840776945462769265e-01 3.456180784194128140e-03
2.147573103039897569e-01 2.998225550703728908e-03
2.454369260617025872e-01 2.211815430045554944e-03
2.761165418194154175e-01 1.477675849740331827e-03
3.067961575771282479e-01 1.879641628700610490e-03
3.374757733348410782e-01 3.184356532323140594e-03
3.681553890925538530e-01 4.523716741528118097e-03
3.988350048502666834e-01 5.499108382486586621e-03
4.295146206079795137e-01 5.850985098196240589e-03
4.601942363656923440e-01 5.407787889821326702e-03
4.908738521234051744e-01 4.114979907691390312e-03
5.215534678811180047e-01 2.165326301425391127e-03
5.522330836388308350e-01 1.813427684115672799e-03
5.829126993965436654e-01 4.646815222944489579e-03
6.135923151542564957e-01 7.764611443241549622e-03
6.442719309119693261e-01 1.039206464425489196e-02
6.749515466696821564e-01 1.195862244653997895e-02
7.056311624273949867e-01 1.193167951938143428e-02
7.363107781851077061e-01 9.848855711563374304e-03
7.669903939428205364e-01 5.364622025196003584e-03
7.976700097005333667e-01 1.785252705194694716e-03
8.283496254582461971e-01 1.147200184264026562e-02
8.590292412159590274e-01 2.365569938887106607e-02
8.897088569736718577e-01 3.796943798296549544e-02
9.203884727313846881e-01 5.392319263268925689e-02
9.510680884890975184e-01 7.091436548769732007e-02
9.817477042468103487e-01 8.827336451422015950e-02
1.012427320004523068e+00 1.053146076159051647e-01
1.043106935762236009e+00 1.213883110878960364e-01
1.073786551519948729e+00 1.359302103911371740e-01
1.104466167277661670e+00 1.485081089353134931e-01
1.135145783035374389e+00 1.588657571121479262e-01
1.165825398793087331e+00 1.669652048210871487e-01
1.196505014550800050e+00 1.730271883856318582e-01
1.227184630308512991e+00 1.775636607010050994e-01
1.257864246066225711e+00 1.813859764531964569e-01
1.288543861823938652e+00 1.855587206046252491e-01
1.319223477581651371e+00 1.912648160012347942e-01
1.349903093339364313e+00 1.995758255483696952e-01
1.380582709097077032e+00 2.111914287093065168e-01
1.411262324854789973e+00 2.262735217896632012e-01
1.441941940612502693e+00 2.444718564207810085e-01
1.472621556370215412e+00 2.651307147637202988e-01
1.503301172127928353e+00 2.875908526311162228e-01
1.533980787885641073e+00 3.115112628075666357e-01
1.564660403643354014e+00 3.371776703226125327e-01
1.595340019401066733e+00 3.657762118147627195e-01
1.626019635158779675e+00 3.995755125190725288e-01
1.656699250916492394e+00 4.419054250655785054e-01
1.687378866674205335e+00 4.968180534955978778e-01
1.718058482431918055e+00 5.684456581777304063e-01
1.748738098189630996e+00 6.602782706410851299e-01
1.779417713947343715e+00 7.746494958001575171e-01
1.810097329705056657e+00 9.125417448810928533e-01
1.840776945462769376e+00 1.073607530547368016e+00
1.871456561220482318e+00 1.256253442725980385e+00
1.902136176978195037e+00 1.457708533071289558e+00
1.932815792735907978e+00 1.674076267219025249e+00
1.963495408493620697e+00 1.900401441162077321e+00
1.994175024251333417e+00 2.130783153560714016e+00
2.024854640009046136e+00 2.358552478127637908e+00
2.055534255766759077e+00 2.576519571301714606e+00
2.086213871524472019e+00 2.777283046591211058e+00
2.116893487282184960e+00 2.953585226117371398e+00
2.147573103039897457e+00 3.098690363534059244e+00
2.178252718797610399e+00 3.206759096336901038e+00
2.208932334555323340e+00 3.273191211875629225e+00
2.239611950313036282e+00 3.294910216941927761e+00
2.270291566070748779e+00 3.270566974402327354e+00
2.300971181828461720e+00 3.200645446360169899e+00
2.331650797586174662e+00 3.087460849125125417e+00
2.362330413343887603e+00 2.935048654344847296e+00
2.393010029101600100e+00 2.748951173180420593e+00
2.423689644859313042e+00 2.535916242968176526e+00
2.454369260617025983e+00 2.303529162331712232e+00
2.485048876374738480e+00 2.059803966404430753e+00
2.515728492132451422e+00 1.812763023063664214e+00
2.546408107890164363e+00 1.570034546852529633e+00
2.577087723647877304e+00 1.338495871361227829e+00
2.607767339405589802e+00 1.123986086334685996e+00
2.638446955163302743e+00 9.311045446324872632e-01
2.669126570921015684e+00 7.631006912352972238e-01
2.699806186678728626e+00 6.218438169003335236e-01
2.730485802436441123e+00 5.078387937545402187e-01
2.761165418194154064e+00 4.202390063362996808e-01
2.791845033951867006e+00 3.568456244183821346e-01
2.822524649709579947e+00 3.142181418785062741e-01
2.853204265467292444e+00 2.881336735564228868e-01
2.883883881225005386e+00 2.744213201413323033e-01
2.914563496982718327e+00 2.697740664997441695e-01
2.945243112740430824e+00 2.721180299055719343e-01
2.975922728498143766e+00 2.805084602756649503e-01
3.006602344255856707e+00 2.947600957693133905e-01
3.037281960013569648e+00 3.149885246020541762e-01
3.067961575771282146e+00 3.411745262669017564e-01
3.098641191528995087e+00 3.728480857363282164e-01
3.129320807286708028e+00 4.089572208100942241e-01
3.160000423044420970e+00 4.479166464985359086e-01
3.190680038802133467e+00 4.877743270983050938e-01
3.221359654559846408e+00 5.264249016608031351e-01
3.252039270317559350e+00 5.618208265230608678e-01
3.282718886075272291e+00 5.921559676138787864e-01
3.313398501832984788e+00 6.160106304318307968e-01
3.344078117590697730e+00 6.324534232728036276e-01
3.374757733348410671e+00 6.410983606817564073e-01
3.405437349106123612e+00 6.421179319305239108e-01
3.436116964863836110e+00 6.362154617079990304e-01
3.466796580621549051e+00 6.245631368978443732e-01
3.497476196379261992e+00 6.087154011941277032e-01
3.528155812136974490e+00 5.905105071052189070e-01
3.558835427894687431e+00 5.719745533521123360e-01
3.589515043652400372e+00 5.552397545596884365e-01
3.620194659410113314e+00 5.424786326099715339e-01
3.650874275167825811e+00 5.358373449376216957e-01
3.681553890925538752e+00 5.373325302798821479e-01
3.712233506683251694e+00 5.486776455292948773e-01
3.742913122440964635e+00 5.710457084334868982e-01
3.773592738198677132e+00 6.048382065219598536e-01
3.804272353956390074e+00 6.495551451592693759e-01
3.834951969714103015e+00 7.038137097070897852e-01
3.865631585471815956e+00 7.654878889775915685e-01
3.896311201229528454e+00 8.319065716000291211e-01
3.926990816987241395e+00 9.000625335142287131e-01
3.957670432744954336e+00 9.668137737956827849e-01
3.988350048502666834e+00 1.029075563540288396e+00
4.019029664260379775e+00 1.084004261270427261e+00
4.049709280018092272e+00 1.129170044689369989e+00
4.080388895775805658e+00 1.162711210779052928e+00
4.111068511533518155e+00 1.183459992940889771e+00
4.141748127291231540e+00 1.191029235462113034e+00
4.172427743048944038e+00 1.185850317656937492e+00
4.203107358806656535e+00 1.169154874956680468e+00
4.233786974564369920e+00 1.142895675784989740e+00
4.264466590322082418e+00 1.109605333954280182e+00
4.295146206079794915e+00 1.072195786033085740e+00
4.325825821837508300e+00 1.033707841055803378e+00
4.356505437595220798e+00 9.970302090327595179e-01
4.387185053352934183e+00 9.646213813408511806e-01
4.417864669110646680e+00 9.382810094757738639e-01
4.448544284868359178e+00 9.190192711339745246e-01
4.479223900626072563e+00 9.070523247186061955e-01
4.509903516383785060e+00 9.019117700327867748e-01
4.540583132141497558e+00 9.026176077507154227e-01
4.571262747899210943e+00 9.078528420954871114e-01
4.601942363656923440e+00 9.160990282497232240e-01
4.632621979414635938e+00 9.257272498517762349e-01
4.663301595172349323e+00 9.350645617456735392e-01
4.693981210930061820e+00 9.424611736760890590e-01
4.724660826687775206e+00 9.463730345993599524e-01
4.755340442445487703e+00 9.454588767194268550e-01
4.786020058203200200e+00 9.386790011701028336e-01
4.816699673960913586e+00 9.253786270535153680e-01
4.847379289718626083e+00 9.053406743045196992e-01
4.878058905476338580e+00 8.787987456948707088e-01
4.908738521234051966e+00 8.464081793811202292e-01
4.939418136991764463e+00 8.091795226692497511e-01
4.970097752749476960e+00 7.683835843082353900e-01
5.000777368507190346e+00 7.254398403449863197e-01
5.031456984264902843e+00 6.818002225569900210e-01
5.062136600022616229e+00 6.388383845386368387e-01
5.092816215780328726e+00 5.977511246063211825e-01
5.123495831538041223e+00 5.594751559926989248e-01
5.154175447295754608e+00 5.246207695518009251e-01
5.184855063053467106e+00 4.934255803162598264e-01
5.215534678811179603e+00 4.657358281531642219e-01
5.246214294568892988e+00 4.410259213456831362e-01
5.276893910326605486e+00 4.184641992299803492e-01
5.307573526084318871e+00 3.970227039675711667e-01
5.338253141842031368e+00 3.756156779526051981e-01
5.368932757599743866e+00 3.532431135907828090e-01
5.399612373357457251e+00 3.291161166351299072e-01
5.430291989115169748e+00 3.027481859108430706e-01
5.460971604872882246e+00 2.740059060409865133e-01
5.491651220630595631e+00 2.431204589741736144e-01
5.522330836388308128e+00 2.106670565465064149e-01
5.553010452146020626e+00 1.775241864740765840e-01
5.583690067903734011e+00 1.448310400896671846e-01
5.614369683661446508e+00 1.139739292208766658e-01
5.645049299419159894e+00 8.665456807101067083e-02
5.675728915176872391e+00 6.508231360221536366e-02
5.706408530934584888e+00 5.191824991591192234e-02
5.737088146692298274e+00 4.831808787855550180e-02
5.767767762450010771e+00 5.118884338857180444e-02
5.798447378207723268e+00 5.586415229475710786e-02
5.829126993965436654e+00 5.959915745982678065e-02
5.859806609723149151e+00 6.153541521430718614e-02
5.890486225480861648e+00 6.189293458980945489e-02
5.921165841238575034e+00 6.149042187407009058e-02
5.951845456996287531e+00 6.143216055238576168e-02
5.982525072754000917e+00 6.275909242490795847e-02
6.013204688511713414e+00 6.605452453463642182e-02
6.043884304269425911e+00 7.122740185433194815e-02
6.074563920027139297e+00 7.763852177735697246e-02
6.105243535784851794e+00 8.440866576009704858e-02
6.135923151542564291e+00 9.066680539228215430e-02
6.166602767300277677e+00 9.567702749557797925e-02
6.197282383057990174e+00 9.889901911762223607e-02
6.227961998815703559e+00 1.000393854457329035e-01
6.258641614573416057e+00 9.912623462492070603e-02
6.289321230331128554e+00 9.662202736600936093e-02
6.320000846088841939e+00 9.356551488386893878e-02
6.350680461846554437e+00 9.165572705156840860e-02
6.381360077604266934e+00 9.302552850908722692e-02
6.412039693361980319e+00 9.944453221121604680e-02
6.442719309119692817e+00 1.113657919994898438e-01
6.473398924877405314e+00 1.277944745446375763e-01
6.504078540635118699e+00 1.469676526770475888e-01
6.534758156392831197e+00 1.669996824838166916e-01
6.565437772150544582e+00 1.861686179407034403e-01
6.596117387908257079e+00 2.029932715287473821e-01
6.626797003665969577e+00 2.162490639886250343e-01
6.657476619423682962e+00 2.249762782436498521e-01
6.688156235181395459e+00 2.284888361524373135e-01
6.718835850939107956e+00 2.263798098516867086e-01
6.749515466696821342e+00 2.185196221049524878e-01
6.780195082454533839e+00 2.050457934581049746e-01
6.810874698212247225e+00 1.863473505358133886e-01
6.841554313969959722e+00 1.630541933596957593e-01
6.872233929727672219e+00 1.360593993027372217e-01
6.902913545485385605e+00 1.066624254109233422e-01
6.933593161243098102e+00 7.717716398348103968e-02
6.964272777000810599e+00 5.346915869911174346e-02
6.994952392758523985e+00 4.985776164604516225e-02
7.025632008516236482e+00 7.082139384729918552e-02
7.056311624273948979e+00 1.020336894128840155e-01
7.086991240031662365e+00 1.357816859855142666e-01
7.117670855789374862e+00 1.693774865686143438e-01
7.148350471547088247e+00 2.015566282095299644e-01
7.179030087304800745e+00 2.315192191203460093e-01
7.209709703062513242e+00 2.586672349909341362e-01
7.240389318820226627e+00 2.825230071742235172e-01
7.271068934577939125e+00 3.027061701300617913e-01
7.301748550335651622e+00 3.189330100798573597e-01
7.332428166093365007e+00 3.310243603764542741e-01
7.363107781851077505e+00 3.389150034435544634e-01
7.393787397608790002e+00 3.426602708106369910e-01
7.424467013366503387e+00 3.424371383286334281e-01
7.455146629124215885e+00 3.385383884089440132e-01
7.485826244881929270e+00 3.313595254702958459e-01
7.516505860639641767e+00 3.213790754340746791e-01
7.547185476397354265e+00 3.091336312345207560e-01
7.577865092155067650e+00 2.951894951350744756e-01
7.608544707912780147e+00 2.801130170762529681e-01
7.639224323670492645e+00 2.644417705268922170e-01
7.669903939428206030e+00 2.486586027206864891e-01
7.700583555185918527e+00 2.331704124371359599e-01
7.731263170943631913e+00 2.182932941827273599e-01
7.761942786701344410e+00 2.042454404516528266e-01
7.792622402459056907e+00 1.911488453396956444e-01
7.823302018216770293e+00 1.790402985500005040e-01
7.853981633974482790e+00 1.678913394540802739e-01
7.884661249732195287e+00 1.576358242791838782e-01
7.915340865489908673e+00 1.482027259314838141e-01
7.946020481247621170e+00 1.395508633000102916e-01
7.976700097005333667e+00 1.317012931068473336e-01
8.007379712763047053e+00 1.247615952360125458e-01
8.038059328520759550e+00 1.189338088429292284e-01
8.068738944278472047e+00 1.144952098263663370e-01
8.099418560036184545e+00 1.117425416302834512e-01
8.130098175793898818e+00 1.109025874244629895e-01
8.160777791551611315e+00 1.120360205801576303e-01
8.191457407309323813e+00 1.149794089270607667e-01
8.222137023067036310e+00 1.193562241688603670e-01
8.252816638824748807e+00 1.246470063224953684e-01
8.283496254582463081e+00 1.302805918855071687e-01
8.314175870340175578e+00 1.357133572772727392e-01
8.344855486097888075e+00 1.404842812258067508e-01
8.375535101855600573e+00 1.442483300043830019e-01
8.406214717613313070e+00 1.467945720544716337e-01
8.436894333371025567e+00 1.480536508130198547e-01
8.467573949128739841e+00 1.480963495502885252e-01
8.498253564886452338e+00 1.471226895433974668e-01
8.528933180644164835e+00 1.454395866491236256e-01
8.559612796401877333e+00 1.434247551759609829e-01
8.590292412159589830e+00 1.414760299070889626e-01
8.620972027917304104e+00 1.399495587302093391e-01
8.651651643675016601e+00 1.390971518176282729e-01
8.682331259432729098e+00 1.390190726135619448e-01
8.713010875190441595e+00 1.396478993801497093e-01
8.743690490948154093e+00 1.407689894758636373e-01
8.774370106705868366e+00 1.420688498636673847e-01
8.805049722463580864e+00 1.431939784369161972e-01
8.835729338221293361e+00 1.438039275358940217e-01
8.866408953979005858e+00 1.436097375165072410e-01
8.897088569736718355e+00 1.423963189938495799e-01
8.927768185494430853e+00 1.400316239862138545e-01
8.958447801252145126e+00 1.364666727626585585e-01
8.989127417009857623e+00 1.317300689139013770e-01
9.019807032767570121e+00 1.259196791902315593e-01
9.050486648525282618e+00 1.191932501071485268e-01
9.081166264282995115e+00 1.117590601916866599e-01
9.111845880040709389e+00 1.038672479975253915e-01
9.142525495798421886e+00 9.580208035887902152e-02
9.173205111556134383e+00 8.787487576308197768e-02
9.203884727313846881e+00 8.041616168328610814e-02
9.234564343071559378e+00 7.376350249117694102e-02
9.265243958829271875e+00 6.823865167958972910e-02
9.295923574586986149e+00 6.410723116064806493e-02
9.326603190344698646e+00 6.152233328966693476e-02
9.357282806102411143e+00 6.047241611006449330e-02
9.387962421860123641e+00 6.076688660989212204e-02
9.418642037617836138e+00 6.207483907644019416e-02
9.449321653375550412e+00 6.399494137062859689e-02
9.480001269133262909e+00 6.612027945800524886e-02
9.510680884890975406e+00 6.808020840830189546e-02
9.541360500648687903e+00 6.956295009459292911e-02
9.572040116406400401e+00 7.033000634004499263e-02
9.602719732164112898e+00 7.023073927647446868e-02
9.633399347921827172e+00 6.922091990116945037e-02
9.664078963679539669e+00 6.738580291253960797e-02
9.694758579437252166e+00 6.496542601110438797e-02
9.725438195194964663e+00 6.237404747258195464e-02
9.756117810952677161e+00 6.019243783382104140e-02
9.786797426710391434e+00 5.909320808998613783e-02
9.817477042468103932e+00 5.966581324221961746e-02
9.848156658225816429e+00 6.219105916414335855e-02
9.878836273983528926e+00 6.652206940950287917e-02
9.909515889741241423e+00 7.216949223355766108e-02
9.940195505498953921e+00 7.849756510596242465e-02
9.970875121256668194e+00 8.488726585690876958e-02
