# R_A
9.999999999999999752e-20
3.076923076923077094e-02
6.153846153846154188e-02
9.230769230769231282e-02
1.230769230769230838e-01
1.538461538461538547e-01
1.846153846153846256e-01
2.153846153846153966e-01
2.461538461538461675e-01
2.769230769230769384e-01
3.076923076923077094e-01
3.384615384615384803e-01
3.692307692307692513e-01
4.000000000000000222e-01
4.307692307692307931e-01
4.615384615384615641e-01
4.923076923076923350e-01
5.230769230769231060e-01
5.538461538461538769e-01
5.846153846153846478e-01
6.153846153846154188e-01
6.461538461538461897e-01
6.769230769230769607e-01
7.076923076923077316e-01
7.384615384615385025e-01
7.692307692307692735e-01
8.000000000000000444e-01
8.307692307692308153e-01
8.615384615384615863e-01
8.923076923076923572e-01
9.230769230769231282e-01
9.538461538461538991e-01
9.846153846153846700e-01
1.015384615384615330e+00
1.046153846153846212e+00
1.076923076923077094e+00
1.107692307692307754e+00
1.138461538461538414e+00
1.169230769230769296e+00
1.200000000000000178e+00
1.230769230769230838e+00
1.261538461538461497e+00
1.292307692307692379e+00
1.323076923076923261e+00
1.353846153846153921e+00
1.384615384615384581e+00
1.415384615384615463e+00
1.446153846153846345e+00
1.476923076923077005e+00
1.507692307692307665e+00
1.538461538461538547e+00
1.569230769230769429e+00
1.600000000000000089e+00
1.630769230769230749e+00
1.661538461538461631e+00
1.692307692307692513e+00
1.723076923076923173e+00
1.753846153846153832e+00
1.784615384615384714e+00
1.815384615384615596e+00
1.846153846153846256e+00
1.876923076923076916e+00
1.907692307692307798e+00
1.938461538461538680e+00
1.969230769230769340e+00
2.000000000000000000e+00
2.030769230769230660e+00
2.061538461538461764e+00
2.092307692307692424e+00
2.123076923076923084e+00
2.153846153846154188e+00
2.184615384615384848e+00
2.215384615384615508e+00
2.246153846153846168e+00
2.276923076923076827e+00
2.307692307692307931e+00
2.338461538461538591e+00
2.369230769230769251e+00
2.400000000000000355e+00
2.430769230769231015e+00
2.461538461538461675e+00
2.492307692307692335e+00
2.523076923076922995e+00
2.553846153846154099e+00
2.584615384615384759e+00
2.615384615384615419e+00
2.646153846153846523e+00
2.676923076923077183e+00
2.707692307692307843e+00
2.738461538461538503e+00
2.769230769230769162e+00
2.800000000000000266e+00
2.830769230769230926e+00
2.861538461538461586e+00
2.892307692307692690e+00
2.923076923076923350e+00
2.953846153846154010e+00
2.984615384615384670e+00
3.015384615384615330e+00
3.046153846153846434e+00
3.076923076923077094e+00
3.107692307692307754e+00
3.138461538461538858e+00
3.169230769230769518e+00
3.200000000000000178e+00
3.230769230769230838e+00
3.261538461538461497e+00
3.292307692307692601e+00
3.323076923076923261e+00
3.353846153846153921e+00
3.384615384615385025e+00
3.415384615384615685e+00
3.446153846153846345e+00
3.476923076923077005e+00
3.507692307692307665e+00
3.538461538461538769e+00
3.569230769230769429e+00
3.600000000000000089e+00
3.630769230769231193e+00
3.661538461538461853e+00
3.692307692307692513e+00
3.723076923076923173e+00
3.753846153846153832e+00
3.784615384615384936e+00
3.815384615384615596e+00
3.846153846153846256e+00
3.876923076923077360e+00
3.907692307692308020e+00
3.938461538461538680e+00
3.969230769230769340e+00
4.000000000000000000e+00
4.030769230769230660e+00
4.061538461538461320e+00
4.092307692307692868e+00
4.123076923076923528e+00
4.153846153846154188e+00
4.184615384615384848e+00
4.215384615384615508e+00
4.246153846153846168e+00
4.276923076923076827e+00
4.307692307692308376e+00
4.338461538461539035e+00
4.369230769230769695e+00
4.400000000000000355e+00
4.430769230769231015e+00
4.461538461538461675e+00
4.492307692307692335e+00
4.523076923076922995e+00
4.553846153846153655e+00
4.584615384615385203e+00
4.615384615384615863e+00
4.646153846153846523e+00
4.676923076923077183e+00
4.707692307692307843e+00
4.738461538461538503e+00
4.769230769230769162e+00
4.800000000000000711e+00
4.830769230769231370e+00
4.861538461538462030e+00
4.892307692307692690e+00
4.923076923076923350e+00
4.953846153846154010e+00
4.984615384615384670e+00
5.015384615384615330e+00
5.046153846153845990e+00
5.076923076923077538e+00
5.107692307692308198e+00
5.138461538461538858e+00
5.169230769230769518e+00
5.200000000000000178e+00
5.230769230769230838e+00
5.261538461538461497e+00
5.292307692307693046e+00
5.323076923076923705e+00
5.353846153846154365e+00
5.384615384615385025e+00
5.415384615384615685e+00
5.446153846153846345e+00
5.476923076923077005e+00
5.507692307692307665e+00
5.538461538461538325e+00
5.569230769230769873e+00
5.600000000000000533e+00
5.630769230769231193e+00
5.661538461538461853e+00
5.692307692307692513e+00
5.723076923076923173e+00
5.753846153846153832e+00
5.784615384615385381e+00
5.815384615384616041e+00
5.846153846153846700e+00
5.876923076923077360e+00
5.907692307692308020e+00
5.938461538461538680e+00
5.969230769230769340e+00
6.000000000000000000e+00
6.030769230769230660e+00
6.061538461538462208e+00
6.092307692307692868e+00
6.123076923076923528e+00
6.153846153846154188e+00
6.184615384615384848e+00
6.215384615384615508e+00
6.246153846153846168e+00
6.276923076923077716e+00
6.307692307692308376e+00
6.338461538461539035e+00
6.369230769230769695e+00
6.400000000000000355e+00
6.430769230769231015e+00
6.461538461538461675e+00
6.492307692307692335e+00
6.523076923076922995e+00
6.553846153846154543e+00
6.584615384615385203e+00
6.615384615384615863e+00
6.646153846153846523e+00
6.676923076923077183e+00
6.707692307692307843e+00
6.738461538461538503e+00
6.769230769230770051e+00
6.800000000000000711e+00
6.830769230769231370e+00
6.861538461538462030e+00
6.892307692307692690e+00
6.923076923076923350e+00
6.953846153846154010e+00
6.984615384615384670e+00
7.015384615384615330e+00
7.046153846153846878e+00
7.076923076923077538e+00
7.107692307692308198e+00
7.138461538461538858e+00
7.169230769230769518e+00
7.200000000000000178e+00
7.230769230769230838e+00
7.261538461538462386e+00
7.292307692307693046e+00
7.323076923076923705e+00
7.353846153846154365e+00
7.384615384615385025e+00
7.415384615384615685e+00
7.446153846153846345e+00
7.476923076923077005e+00
7.507692307692307665e+00
7.538461538461539213e+00
7.569230769230769873e+00
7.600000000000000533e+00
7.630769230769231193e+00
7.661538461538461853e+00
7.692307692307692513e+00
7.723076923076923173e+00
7.753846153846154721e+00
7.784615384615385381e+00
7.815384615384616041e+00
7.846153846153846700e+00
7.876923076923077360e+00
7.907692307692308020e+00
7.938461538461538680e+00
7.969230769230769340e+00
8.000000000000000000e+00
8.030769230769230660e+00
8.061538461538461320e+00
8.092307692307691980e+00
8.123076923076922640e+00
8.153846153846155076e+00
8.184615384615385736e+00
8.215384615384616396e+00
8.246153846153847056e+00
8.276923076923077716e+00
8.307692307692308376e+00
8.338461538461539035e+00
8.369230769230769695e+00
8.400000000000000355e+00
8.430769230769231015e+00
8.461538461538461675e+00
8.492307692307692335e+00
8.523076923076922995e+00
8.553846153846153655e+00
8.584615384615384315e+00
8.615384615384616751e+00
8.646153846153847411e+00
8.676923076923078071e+00
8.707692307692308731e+00
8.738461538461539391e+00
8.769230769230770051e+00
8.800000000000000711e+00
8.830769230769231370e+00
8.861538461538462030e+00
8.892307692307692690e+00
8.923076923076923350e+00
8.953846153846154010e+00
8.984615384615384670e+00
9.015384615384615330e+00
9.046153846153845990e+00
9.076923076923076650e+00
9.107692307692307310e+00
9.138461538461539746e+00
9.169230769230770406e+00
9.200000000000001066e+00
9.230769230769231726e+00
9.261538461538462386e+00
9.292307692307693046e+00
9.323076923076923705e+00
9.353846153846154365e+00
9.384615384615385025e+00
9.415384615384615685e+00
9.446153846153846345e+00
9.476923076923077005e+00
9.507692307692307665e+00
9.538461538461538325e+00
9.569230769230768985e+00
9.600000000000001421e+00
9.630769230769232081e+00
9.661538461538462741e+00
9.692307692307693401e+00
9.723076923076924061e+00
9.753846153846154721e+00
9.784615384615385381e+00
9.815384615384616041e+00
9.846153846153846700e+00
9.876923076923077360e+00
9.907692307692308020e+00
9.938461538461538680e+00
9.969230769230769340e+00
1.000000000000000000e+01
